4294967279,106
4294967279,105
4294967279,104
4294967279,103
4294967279,102
4294967279,101
4294967279,100
4294967279,99
4294967279,98
4294967279,97
4294967279,96
4294967279,95
4294967279,94
4294967279,312
4294967278,9
4294967278,8
4294967278,7
4294967278,6
4294967278,5
4294967278,4
4294967279,132
4294967279,131
4294967279,130
4294967279,129
4294967279,128
4294967279,127
4294967279,126
4294967279,125
4294967279,123
4294967279,122
4294967279,121
4294967279,120
4294967279,119
4294967279,118
4294967279,117
4294967279,116
4294967279,115
4294967279,114
4294967279,113
4294967279,112
4294967279,111
4294967279,110
4294967279,109
4294967279,108
4294967279,107
4294967278,308
4294967279,311
4294967279,124
4294967278,253
4294967279,253
4294967278,252
4294967279,250
4294967278,250
4294967279,249
4294967278,248
4294967279,248
4294967278,246
4294967279,246
4294967278,244
4294967279,244
4294967278,242
4294967279,242
4294967278,240
4294967279,240
4294967278,238
4294967279,238
4294967278,237
4294967278,236
4294967278,234
4294967278,232
4294967278,230
4294967278,228
4294967278,226
4294967278,224
4294967278,222
4294967278,220
4294967278,218
4294967278,216
4294967278,214
4294967278,213
4294967278,212
4294967278,211
4294967278,210
4294967278,209
4294967278,208
4294967278,207
4294967278,206
4294967278,205
4294967278,204
4294967278,203
4294967278,202
4294967278,201
4294967278,200
4294967278,199
4294967278,198
4294967278,197
4294967278,196
4294967278,195
4294967278,194
4294967278,193
4294967278,192
4294967278,191
4294967278,190
4294967278,189
4294967278,188
4294967278,187
4294967279,310
4294967278,307
4294967278,185
4294967278,306
4294967279,309
4294967278,183
4294967278,182
4294967278,181
4294967278,180
4294967278,305
4294967279,308
4294967278,178
4294967278,16
4294967278,15
4294967278,14
4294967278,13
4294967278,12
4294967278,11
4294967278,10
4294967278,176
4294967278,175
9,4
9,3
9,2
9,1
4294967279,307
4294967278,173
4294967294,387
4294967294,388
4294967294,46
4294967294,1242
4294967278,28
4294967278,27
4294967278,26
4294967278,25
4294967278,24
4294967278,23
4294967278,22
4294967278,21
4294967278,20
4294967278,19
4294967278,18
4294967278,17
4294967278,304
4294967279,306
4294967278,303
4294967279,305
4294967278,302
4294967294,470
4294967294,1068
4294967294,1072
4294967294,186
4294967279,304
4294967294,441
4294967278,169
4294967279,303
4294967294,50
4294967278,301
4294967278,167
4294967278,300
4294967278,260
4294967279,302
4294967294,22
4294967294,17
4294967294,99
4294967294,76
4294967294,41
4294967278,36
4294967278,35
4294967278,34
4294967278,33
4294967278,32
4294967278,31
4294967278,30
4294967278,29
4294967279,25
4294967279,24
4294967279,23
4294967279,21
4294967279,20
4294967279,18
4294967279,17
4294967279,16
4294967279,15
4294967279,14
4294967279,12
4294967279,11
4294967294,107
4294967278,165
4294967294,7
4294967294,94
4294967294,93
4294967294,96
4294967294,95
4294967294,42
4294967278,164
8,4
8,3
8,2
8,1
4294967279,301
4294967294,9
4294967278,163
4294967294,8
0,7
4294967294,120
4294967294,393
4294967294,45
4294967294,44
4294967294,426
4294967294,43
4294967294,53
4294967294,52
4294967294,417
4294967294,51
4294967294,1246
4294967294,1086
4294967294,1245
4294967294,29
4294967294,419
4294967294,28
4294967294,1087
4294967294,27
4294967294,1
4294967294,1216
4294967294,2
4294967294,0
4294967294,1078
4294967294,472
4294967294,91
4294967294,90
4294967294,87
4294967294,86
4294967294,85
4294967294,84
4294967278,162
4294967278,161
4294967279,300
4294967278,160
4294967294,92
4294967294,88
4294967294,81
4294967294,1163
4294967294,82
4294967294,1419
4294967294,83
4294967294,68
4294967294,126
4294967294,12
4294967294,127
4294967294,18
4294967294,67
4294967294,11
4294967294,104
4294967294,106
4294967294,166
4294967294,24
4294967294,184
4294967294,175
4294967294,25
4294967294,183
4294967294,26
4294967294,176
4294967278,132
4294967278,131
4294967278,130
